1,-134.27267326789
2,-933.3607710987205
3,-1227.5151745660633
4,-957.7516280859637
5,-336.565387550443
6,-476.99554262194494
7,-518.2363649493564
8,-145.09346344625487
9,-127.6337891416589
10,-137.5889319291018
11,-133.3058648437046
12,-219.14762865301782
13,-128.52697333270768
14,-147.11883468176717
15,-154.0420626376049
16,-135.47943626023812
17,-100.77805258624018
18,-131.8931039395678
19,-157.38561341595823
20,-142.18780408678526
21,-135.44703592230877
22,-151.026587790657
23,-107.15245653534184
24,-144.9636740417041
25,-146.91013665276625
26,-111.8969524008264
27,-101.17535578499198
28,-98.84558549471288
29,-75.2536466766941
30,-107.88490757759361
31,-126.57729908676141
32,-123.93475099186873
33,-94.7799909313171
34,-122.40116479260087
35,-98.5168287475668
36,-72.64032207313817
37,-125.49155308999994
38,-130.69835998959306
39,-122.96643492893696
40,-92.73722512474589
41,-202.36306105854533
42,-109.07918181922074
43,-116.78835322197162
44,-105.42813812089932
45,-119.3251596540941
46,-106.14091065863182
47,-68.1766524644544
48,-72.82452435520413
49,-90.66880469648679
50,-114.32867396015885
51,-88.12171516041187
52,-89.31371103153306
53,-104.84778887359583
54,-113.8952913074464
55,-130.72319431602693
56,-135.7654907935647
57,-88.94230522826778
58,-99.42732675180459
59,-99.11217221377134
60,-125.97003746964629
61,-107.57685754386168
62,-136.72031413818135
63,-91.56235549956014
64,-139.14593424030463
65,-208.56357550405858
66,-62.06667078691592
67,-54.80105081157323
68,-93.74541945783035
69,-70.3170799545602
70,-49.7841547625751
71,-108.83237168559494
72,-109.93936234216304
73,-133.57406994051632
74,-69.27086798610392
75,-98.81768881953927
76,-54.24697843955775
77,-70.50445228966613
78,-85.50897363737246
79,-118.107446279951
80,-151.14279255187105
81,-83.17225414310387
82,-92.0609112750856
83,-76.64518001560714
84,-79.39057275071045
85,-48.279402476462764
86,-19.451340861578643
87,-90.73656676464893
88,-76.08226795419532
89,-31.41414267569033
90,-17.713579502410283
91,-289.6227342443692
92,-115.96855064878773
93,-77.8421662759927
94,-43.47200893647785
95,8.941852026285773
96,-43.76357374717235
97,2.035042748617826
98,-54.30881655859178
99,-72.93577519969904
100,-52.82883358293904
101,-116.71815608547293
102,-66.35143268488174
103,19.207248648984105
104,-57.91051241039554
105,-54.07337658210883
106,-48.726230886639364
107,-29.84390826604475
108,32.61373035466738
109,-42.08781585496382
110,-48.039901817039805
111,-106.79385623646682
112,-91.31525396388382
113,-62.30845479347384
114,-264.93888031580246
115,-411.2237142934996
116,-332.36293457513625
117,-389.7069975275621
118,-49.289839860685575
119,-617.2353573102434
120,-46.76441947051681
121,-56.30049060960484
122,-149.7726584320173
123,-60.09854125324384
124,-165.70559447228635
125,-136.31637286905698
126,-7.965666507143055
127,-5.370039151257799
128,-105.74751489438398
129,-8.185320093834022
130,-51.83278292633582
131,-65.4075080472931
132,-14.243392722363566
133,-8.257456293158057
134,-31.084576708728164
135,-35.69231674822693
136,-95.31368247143486
137,-25.48836430948525
138,24.924205717012256
139,-265.81529163435766
140,-132.68671058273853
141,-144.22617133605343
142,-53.025612311127716
143,-0.3267786507606729
144,8.893272866928626
145,8.658356859815584
146,-110.6647728144286
147,6.931075265992533
148,8.115831166448345
149,15.13984372517092
150,-154.00453352501495
151,33.10750537617295
152,-221.8936375762704
153,-91.36689513060027
154,28.718821557762226
155,-118.89043580759102
156,-218.5697879894223
157,94.21155842958596
158,126.73317148326112
159,-122.80007877674322
160,-94.51437423389059
161,20.669859556109948
162,86.69659519584373
163,-56.21720743551033
164,87.93114618058124
165,-83.18155868095519
166,-1896.4054922854139
167,1.955339511300295
168,71.45267084479453
169,23.938955173194042
170,8.275019050059086
171,-34.59249976157524
172,-172.2673500118011
173,12.365206888994688
174,58.882673624854256
175,77.26593689727356
176,-26.54057708011885
177,132.91127482693747
178,-10.96427136434155
179,-92.48074963411014
180,-69.2151007736173
181,-48.11847259755594
182,43.04171201844297
183,-93.25194131743123
184,90.37252870675366
185,144.81982725019802
186,-0.46468297814169546
187,55.00226772634049
188,-25.896926857073012
189,-130.3637141482237
190,-2.3288642287843224
191,86.75497866134297
192,25.477371739976974
193,0.15679244518119617
194,-2.935341235368363
195,90.51444155482599
196,-46.42750579937806
197,-102.40522562436767
198,-53.68710231415441
199,-29.11288282958779
200,91.95063685097917
201,7.243020674168603
202,87.94939483579796
203,76.06081422302249
204,-228.3069725564248
205,-22.659192335924843
206,98.4747298531104
207,36.61712030287021
208,96.35928297474126
209,58.634137689283726
210,30.53636254340035
211,27.68617550911
212,262.36557245668155
213,73.16409299533663
214,120.54838341654101
215,-21.10028033755553
216,251.62929626775713
217,21.99266701058147
218,58.02907709901184
219,127.12052320354488
220,-101.83942970907182
221,166.9999899888381
222,18.220879946006146
223,-111.9846779093598
224,-79.2267607682745
225,97.41413836263195
226,255.25119057296857
227,-208.39891943303235
228,132.08872269897267
229,250.73055487803794
230,38.929730691829356
231,267.68736601805995
232,156.04983719527723
233,-101.03154690731917
234,15.402467820637455
235,-101.53176292011284
236,32.17264829177958
237,-70.10736063133001
238,59.27716727333685
239,232.98185796035472
240,-58.54488249056297
241,8.637511134192339
242,235.41284576106892
243,-199.2463072831094
244,-119.07830025493995
245,-191.13607207312288
246,262.0885252691686
247,233.06074169694546
248,1.0945311645318556
249,90.32488774063091
250,-34.05360357972374
251,297.58074037936876
252,-56.60380266639102
253,246.28127029060695
254,177.59367137190915
255,172.3526083079303
256,-10.505248195993019
257,271.0079997181284
258,-95.04842231589365
259,-68.28129933058153
260,243.8402522320825
261,-49.33912244205543
262,43.226091096945964
263,117.64612666513227
264,132.5374127945874
265,251.24241365651557
266,38.56924753832709
267,-53.43950321529582
268,204.13403635129492
269,-12.735823379005353
270,269.87583106526074
271,229.52014931406976
272,165.42372543338192
273,252.4435488918069
274,299.0141327492856
275,28.65961247329426
276,299.14123217972076
277,-103.80318388968516
278,-0.563468297640128
279,-117.31111015049547
280,45.08224162528248
281,48.005273655817916
282,-18.109246031194644
283,278.31161145855344
284,43.3530237311781
285,10.624845936946215
286,9.693194487331183
287,38.028319905650704
288,-27.144679457134032
289,22.202594247397826
290,252.25202919516104
291,246.2825592312263
292,248.0036197658191
293,278.52890216401374
294,105.71247562233688
295,-4.145841461530637
296,1.9763917090714216
297,237.38201262595447
298,-71.83047005158745
299,226.55780592955705
300,301.413231467121
301,248.97277402237458
302,291.3020931322087
303,229.18895688181897
304,36.31206221471618
305,7.284161313660391
306,225.1192047110141
307,48.40331604539094
308,-41.79399013430385
309,295.38765966398955
310,37.907110792548906
311,113.52846457242063
312,213.72810763472833
313,229.5939899620175
314,13.338245624276638
315,263.5033368811178
316,271.691080168415
317,282.0770297198871
318,172.71419240732402
319,-131.83502780743322
320,316.79446739222305
321,-50.03048395568286
322,283.9383500165572
323,244.59428878201155
324,238.78578133670132
325,287.34651618070507
326,272.3230390373355
327,242.7698284363787
328,287.03896248173817
329,36.10242384225137
330,233.86161115537448
